# Created by Octave 4.2.1, Fri Jun 02 07:47:38 2017 MDT <monty@julia.lanl.gov>
# name: mean_savg
# type: scalar
1


# name: number_of_clust_sim
# type: scalar
0


