# Created by Octave 4.2.1, Fri Jun 02 07:47:37 2017 MDT <monty@julia.lanl.gov>
# name: XF
# type: matrix
# rows: 1
# columns: 720
 0.1926186333415272 0.1862679442487345 0.1792202509194137 0.1739244179262926 0.1674409400381928 0.161545407838503 0.1539765857011224 0.1491577783839793 0.1441642875960476 0.1388993711363944 0.1322399207516381 0.1289782458738453 0.1239662642240159 0.1187366447727092 0.1141660039267064 0.1087093148024135 0.1055463501627006 0.1023293890991389 0.09890595908749683 0.09500414708942934 0.09184001420395591 0.08713194783806075 0.08142682151507818 0.0810805788663139 0.077385888321253 0.07484237656079389 0.07114639263421464 0.0701037944129581 0.06569534717273759 0.06272358541542029 0.06245363224300948 0.05900835556678431 0.05557272688977493 0.05304809209431997 0.05301279276152026 0.05101491514209605 0.04925611687537505 0.04561438368114509 0.04527058991684487 0.04326394073763939 0.04403825880597861 0.04174120207205426 0.03729627208407015 0.03590012898706028 0.03544347162794513 0.03468832853267204 0.0338339065642061 0.03083440850766156 0.03156011007588317 0.03093517365478712 0.02904460182812315 0.02726540606720376 0.02583681600226202 0.0247517356462616 0.02555584257812862 0.02432956990278761 0.02227803680589668 0.02201688128829039 0.01898978655013085 0.01976831983844768 0.01951258915701642 0.01752998404509897 0.01852020243104614 0.01883756575449393 0.01663435782270959 0.01568724273254758 0.01618356180251081 0.01653455419418675 0.01334255478968979 0.0125097506699333 0.01218987092575213 0.01236542575233935 0.01388273662134577 0.01066697719407519 0.01117366550970752 0.01044892301129114 0.01121795304629484 0.01070655216444059 0.009563287090449075 0.008842706124915292 0 0 0 0 0 0 0 0 0 0 0 0 0 0 0 0 0 0 0 0 0 0 0 0 0 0 0 0 0 0 0 0 0 0 0 0 0 0 0 0 0 0 0 0 0 0 0 0 0 0 0 0 0 0 0 0 0 0 0 0 0 0 0 0 0 0 0 0 0 0 0 0 0 0 0 0 0 0 0 0 0 0 0 0 0 0 0 0 0 0 0 0 0 0 0 0 0 0 0 0 0 0 0 0 0 0 0 0 0 0 0 0 0 0 0 0 0 0 0 0 0 0 0 0 0 0 0 0 0 0 0 0 0 0 0 0 0 0 0 0 0 0 0 0 0 0 0 0 0 0 0 0 0 0 0 0 0 0 0 0 0 0 0 0 0 0 0 0 0 0 0 0 0 0 0 0 0 0 0 0 0 0 0 0 0 0 0 0 0 0 0 0 0 0 0 0 0 0 0 0 0 0 0 0 0 0 0 0 0 0 0 0 0 0 0 0 0 0 0 0 0 0 0 0 0 0 0 0 0 0 0 0 0 0 0 0 0 0 0 0 0.0002602167747040135 -0.0001645871620653195 -0.001435921740537488 0.002395683977848624 0.0004434969792251455 2.269644556543393e-05 -0.001394775526821637 -0.0002588754478264535 0.001187984414967102 0.001504654283809907 0.002395629203868481 0.0004295620992207705 -0.0005385509098363271 0.002110045835746936 0.0006354567581410768 5.274238676477639e-05 -0.00158291517944956 0.001589332637288369 -0.0004708017493479134 0.002453769192820187 0.001744164997140313 0.001415940916750164 0.002337245727806176 0.0008262354712367647 0.001194670053840868 0.00215069561921562 0.002019141081224354 0.0008351534875672775 0.0006857350849360378 0.002443393740915407 0.0009170769810630953 0.0002209446131382733 0.001908394831110658 0.001752467273545381 0.002226929169492442 0.002897293113188131 0.002235297659562318 0.002911968721794527 3.699626323202306e-06 0.003190699393989532 0.001986930975020328 0.001768483966610601 0.003001878448771026 0.002927763656365799 0.001807580635093374 0.00371039153895964 0.002953804197592934 0.002681095067949825 0.00222636088380821 0.003578034067089909 0.003417195459194926 0.002565065997450197 0.002632149733663165 0.0006556281264709879 0.002670943039607203 0.004993534459276682 0.004428757641210096 0.004258027890860073 0.005586268031987611 0.003580716553735391 0.004999743954666505 0.002426522297499972 0.003570093476647007 0.002434789439176717 0.003629706602258974 0.002135757667912633 0.001296742744446828 0.003309744208030543 0.002692043889906107 0.005226215812381751 0.003690781755011547 0.001685607435568508 0.004402630044088873 0.004265846119568137 0.003300736298264368 0.003441454101907179 0.002505449729861236 0.002153203202446596 0.003654781950480211 0.003573816607039875 0 0 0 0 0 0 0 0 0 0 0 0 0 0 0 0 0 0 0 0 0 0 0 0 0 0 0 0 0 0 0 0 0 0 0 0 0 0 0 0 0 0 0 0 0 0 0 0 0 0 0 0 0 0 0 0 0 0 0 0 0 0 0 0 0 0 0 0 0 0 0 0 0 0 0 0 0 0 0 0 0 0 0 0 0 0 0 0 0 0 0 0 0 0 0 0 0 0 0 0 0 0 0 0 0 0 0 0 0 0 0 0 0 0 0 0 0 0 0 0 0 0 0 0 0 0 0 0 0 0 0 0 0 0 0 0 0 0 0 0 0 0 0 0 0 0 0 0 0 0 0 0 0 0 0 0 0 0 0 0 0 0 0 0 0 0 0 0 0 0 0 0 0 0 0 0 0 0 0 0 0 0 0 0 0 0 0 0 0 0 0 0 0 0 0 0 0 0 0 0 0 0 0 0 0 0 0 0 0 0 0 0 0 0 0 0 0 0 0 0 0 0 0 0 0 0 0 0 0 0 0 0 0 0 0 0 0 0 0 0 0.1507728213492673 0.1533987161840867 0.1622000665905491 0.1643771181520376 0.1659470941657432 0.1702803126304651 0.1758607214310606 0.1756271558447392 0.1757162734209411 0.1808007388000288 0.1804458442414252 0.1821949866878984 0.1828559201137508 0.1826684162574029 0.1851012884046883 0.183517873928141 0.1800478623599717 0.1800281704392424 0.1802580541912248 0.1775165357673968 0.1769277847320884 0.1762074280467944 0.1758779884410234 0.1722029906796044 0.1688594464224939 0.1669872163743947 0.1659540184115334 0.1644740217859737 0.1629001508220627 0.1579986957896003 0.1567357849963236 0.1528979229409359 0.1537745528740521 0.1494747804673623 0.1466456919260175 0.1422271977878911 0.1384820509099666 0.13530783557444 0.1350879896237251 0.1328247385677472 0.1283657654341487 0.1246058001971323 0.1234475933470599 0.1201102003951489 0.1166106568157275 0.1161303637666017 0.1120309534975768 0.1105707987209111 0.1067787181050755 0.1043052058023146 0.1018941991322306 0.09892014291689809 0.09602895649403674 0.0936037167966851 0.09379311198615252 0.08990065201969939 0.08758059254537857 0.08445488080363982 0.0817816490591347 0.08103939345633035 0.07881959700430051 0.0772629110788907 0.07356735088748892 0.07292063946214936 0.06872026395399423 0.06913448104663775 0.06634538461815627 0.0629991383311547 0.06361501891002999 0.06095439870329764 0.05856386922788458 0.05743190414280231 0.05474629036505422 0.05535257597383503 0.05093229352016283 0.05340457745896226 0.05010179058363958 0.04676049582108495 0.04600230383782617 0.04674542104801351


# name: xtrue
# type: matrix
# rows: 1
# columns: 3
 0.3 -0.1 -0.2


